1.000E-03 1.372E+00 1.319E-02 4.076E+03 4.077E+03
2.000E-03 1.150E+00 4.184E-02 6.162E+02 6.173E+02 
3.000E-03 9.087E-01 7.075E-02 1.919E+02 1.928E+02 
4.000E-03 7.082E-01 9.430E-02 8.197E+01 8.277E+01 
5.000E-03 5.579E-01 1.123E-01 4.192E+01 4.259E+01 
6.000E-03 4.489E-01 1.259E-01 2.407E+01 2.464E+01 
7.000E-03 3.693E-01 1.361E-01 1.499E+01 1.550E+01 
8.000E-03 3.102E-01 1.440E-01 9.919E+00 1.037E+01 
9.000E-03 2.653E-01 1.501E-01 6.875E+00 7.291E+00 
1.000E-02 2.305E-01 1.550E-01 4.944E+00 5.330E+00 
1.100E-02 2.029E-01 1.591E-01 3.664E+00 4.026E+00 
1.200E-02 1.806E-01 1.624E-01 2.783E+00 3.126E+00 
1.300E-02 1.621E-01 1.653E-01 2.160E+00 2.487E+00 
1.400E-02 1.465E-01 1.678E-01 1.706E+00 2.021E+00 
1.500E-02 1.333E-01 1.699E-01 1.369E+00 1.672E+00 
1.600E-02 1.219E-01 1.718E-01 1.114E+00 1.408E+00 
1.700E-02 1.119E-01 1.735E-01 9.174E-01 1.203E+00 
1.800E-02 1.032E-01 1.749E-01 7.636E-01 1.042E+00 
1.900E-02 9.547E-02 1.762E-01 6.417E-01 9.134E-01 
2.000E-02 8.856E-02 1.774E-01 5.439E-01 8.098E-01 
2.100E-02 8.237E-02 1.783E-01 4.646E-01 7.253E-01 
2.200E-02 7.679E-02 1.792E-01 3.997E-01 6.557E-01 
2.300E-02 7.174E-02 1.800E-01 3.461E-01 5.978E-01 
2.400E-02 6.717E-02 1.806E-01 3.015E-01 5.493E-01 
2.500E-02 6.301E-02 1.812E-01 2.640E-01 5.082E-01 
2.600E-02 5.921E-02 1.817E-01 2.324E-01 4.733E-01 
2.700E-02 5.574E-02 1.821E-01 2.055E-01 4.433E-01 
2.800E-02 5.256E-02 1.824E-01 1.826E-01 4.175E-01 
2.900E-02 4.963E-02 1.827E-01 1.628E-01 3.951E-01 
3.000E-02 4.694E-02 1.829E-01 1.458E-01 3.756E-01 
3.100E-02 4.445E-02 1.830E-01 1.309E-01 3.584E-01 
3.200E-02 4.215E-02 1.831E-01 1.180E-01 3.433E-01 
3.300E-02 4.002E-02 1.832E-01 1.067E-01 3.300E-01 
3.400E-02 3.804E-02 1.832E-01 9.679E-02 3.181E-01 
3.500E-02 3.621E-02 1.832E-01 8.802E-02 3.075E-01 
3.600E-02 3.450E-02 1.832E-01 8.026E-02 2.980E-01 
3.700E-02 3.291E-02 1.831E-01 7.336E-02 2.894E-01 
3.800E-02 3.143E-02 1.830E-01 6.722E-02 2.817E-01 
3.900E-02 3.004E-02 1.829E-01 6.172E-02 2.747E-01 
4.000E-02 2.874E-02 1.827E-01 5.680E-02 2.683E-01 
4.100E-02 2.753E-02 1.826E-01 5.237E-02 2.625E-01 
4.200E-02 2.639E-02 1.824E-01 4.838E-02 2.571E-01 
4.300E-02 2.532E-02 1.822E-01 4.478E-02 2.523E-01 
4.400E-02 2.431E-02 1.819E-01 4.152E-02 2.478E-01 
4.500E-02 2.336E-02 1.817E-01 3.856E-02 2.436E-01 
4.600E-02 2.247E-02 1.814E-01 3.587E-02 2.398E-01 
4.700E-02 2.162E-02 1.812E-01 3.341E-02 2.362E-01 
4.800E-02 2.083E-02 1.809E-01 3.117E-02 2.329E-01 
4.900E-02 2.007E-02 1.806E-01 2.913E-02 2.298E-01 
5.000E-02 1.936E-02 1.803E-01 2.725E-02 2.269E-01 
5.100E-02 1.868E-02 1.800E-01 2.553E-02 2.242E-01 
5.200E-02 1.804E-02 1.797E-01 2.394E-02 2.217E-01 
5.300E-02 1.743E-02 1.794E-01 2.248E-02 2.193E-01 
5.400E-02 1.686E-02 1.791E-01 2.114E-02 2.171E-01 
5.500E-02 1.631E-02 1.787E-01 1.990E-02 2.149E-01 
5.600E-02 1.578E-02 1.784E-01 1.875E-02 2.129E-01 
5.700E-02 1.528E-02 1.781E-01 1.768E-02 2.110E-01 
5.800E-02 1.481E-02 1.777E-01 1.669E-02 2.092E-01 
5.900E-02 1.435E-02 1.774E-01 1.578E-02 2.075E-01 
6.000E-02 1.392E-02 1.770E-01 1.493E-02 2.059E-01 
6.100E-02 1.350E-02 1.767E-01 1.413E-02 2.043E-01 
6.200E-02 1.311E-02 1.763E-01 1.339E-02 2.028E-01 
6.300E-02 1.273E-02 1.760E-01 1.270E-02 2.014E-01 
6.400E-02 1.236E-02 1.756E-01 1.206E-02 2.000E-01 
6.500E-02 1.202E-02 1.752E-01 1.146E-02 1.987E-01 
6.600E-02 1.168E-02 1.749E-01 1.089E-02 1.974E-01 
6.700E-02 1.136E-02 1.745E-01 1.037E-02 1.962E-01 
6.800E-02 1.106E-02 1.741E-01 9.871E-03 1.951E-01 
6.900E-02 1.076E-02 1.738E-01 9.406E-03 1.939E-01 
7.000E-02 1.048E-02 1.734E-01 8.969E-03 1.929E-01 
7.100E-02 1.020E-02 1.730E-01 8.559E-03 1.918E-01 
7.200E-02 9.942E-03 1.727E-01 8.172E-03 1.908E-01 
7.300E-02 9.690E-03 1.723E-01 7.808E-03 1.898E-01 
7.400E-02 9.448E-03 1.719E-01 7.465E-03 1.888E-01 
7.500E-02 9.214E-03 1.716E-01 7.141E-03 1.879E-01 
7.600E-02 8.988E-03 1.712E-01 6.835E-03 1.870E-01 
7.700E-02 8.771E-03 1.708E-01 6.546E-03 1.861E-01 
7.800E-02 8.562E-03 1.705E-01 6.273E-03 1.853E-01 
7.900E-02 8.360E-03 1.701E-01 6.015E-03 1.845E-01 
8.000E-02 8.165E-03 1.697E-01 5.770E-03 1.837E-01 
8.100E-02 7.976E-03 1.694E-01 5.538E-03 1.829E-01 
8.200E-02 7.794E-03 1.690E-01 5.318E-03 1.821E-01 
8.300E-02 7.618E-03 1.686E-01 5.109E-03 1.814E-01 
8.400E-02 7.448E-03 1.683E-01 4.911E-03 1.806E-01 
8.500E-02 7.284E-03 1.679E-01 4.723E-03 1.799E-01 
8.600E-02 7.125E-03 1.675E-01 4.544E-03 1.792E-01 
8.700E-02 6.971E-03 1.672E-01 4.374E-03 1.785E-01 
8.800E-02 6.821E-03 1.668E-01 4.212E-03 1.779E-01 
8.900E-02 6.677E-03 1.665E-01 4.058E-03 1.772E-01 
9.000E-02 6.537E-03 1.661E-01 3.911E-03 1.766E-01 
9.100E-02 6.402E-03 1.658E-01 3.771E-03 1.759E-01 
9.200E-02 6.270E-03 1.654E-01 3.637E-03 1.753E-01 
9.300E-02 6.143E-03 1.650E-01 3.510E-03 1.747E-01 
9.400E-02 6.019E-03 1.647E-01 3.388E-03 1.741E-01 
9.500E-02 5.899E-03 1.643E-01 3.272E-03 1.735E-01 
9.600E-02 5.783E-03 1.640E-01 3.161E-03 1.729E-01 
9.700E-02 5.669E-03 1.636E-01 3.054E-03 1.724E-01 
9.800E-02 5.560E-03 1.633E-01 2.953E-03 1.718E-01 
9.900E-02 5.453E-03 1.630E-01 2.856E-03 1.713E-01 
1.000E-01 5.349E-03 1.626E-01 2.763E-03 1.707E-01 
1.010E-01 5.249E-03 1.623E-01 2.673E-03 1.702E-01 
1.020E-01 5.151E-03 1.619E-01 2.588E-03 1.697E-01 
1.030E-01 5.055E-03 1.616E-01 2.506E-03 1.692E-01 
1.040E-01 4.963E-03 1.613E-01 2.428E-03 1.686E-01 
1.050E-01 4.872E-03 1.609E-01 2.352E-03 1.681E-01 
1.060E-01 4.785E-03 1.606E-01 2.280E-03 1.677E-01 
1.070E-01 4.699E-03 1.603E-01 2.211E-03 1.672E-01 
1.080E-01 4.616E-03 1.599E-01 2.144E-03 1.667E-01 
1.090E-01 4.535E-03 1.596E-01 2.080E-03 1.662E-01 
1.100E-01 4.456E-03 1.593E-01 2.018E-03 1.657E-01 
1.110E-01 4.379E-03 1.589E-01 1.959E-03 1.653E-01 
1.120E-01 4.304E-03 1.586E-01 1.902E-03 1.648E-01 
1.130E-01 4.231E-03 1.583E-01 1.847E-03 1.644E-01 
1.140E-01 4.160E-03 1.580E-01 1.795E-03 1.639E-01 
1.150E-01 4.091E-03 1.576E-01 1.744E-03 1.635E-01 
1.160E-01 4.023E-03 1.573E-01 1.695E-03 1.630E-01 
1.170E-01 3.957E-03 1.570E-01 1.648E-03 1.626E-01 
1.180E-01 3.892E-03 1.567E-01 1.602E-03 1.622E-01 
1.190E-01 3.830E-03 1.564E-01 1.558E-03 1.618E-01 
1.200E-01 3.768E-03 1.561E-01 1.516E-03 1.614E-01 
1.210E-01 3.708E-03 1.558E-01 1.475E-03 1.609E-01 
1.220E-01 3.650E-03 1.554E-01 1.436E-03 1.605E-01 
1.230E-01 3.592E-03 1.551E-01 1.398E-03 1.601E-01 
1.240E-01 3.537E-03 1.548E-01 1.362E-03 1.597E-01 
1.250E-01 3.482E-03 1.545E-01 1.326E-03 1.593E-01 
1.260E-01 3.429E-03 1.542E-01 1.292E-03 1.589E-01 
1.270E-01 3.376E-03 1.539E-01 1.259E-03 1.586E-01 
1.280E-01 3.325E-03 1.536E-01 1.227E-03 1.582E-01 
1.290E-01 3.276E-03 1.533E-01 1.196E-03 1.578E-01 
1.300E-01 3.227E-03 1.530E-01 1.166E-03 1.574E-01 
1.310E-01 3.179E-03 1.527E-01 1.137E-03 1.570E-01 
1.320E-01 3.133E-03 1.524E-01 1.109E-03 1.567E-01 
1.330E-01 3.087E-03 1.521E-01 1.082E-03 1.563E-01 
1.340E-01 3.042E-03 1.518E-01 1.056E-03 1.559E-01 
1.350E-01 2.999E-03 1.516E-01 1.031E-03 1.556E-01 
1.360E-01 2.956E-03 1.513E-01 1.006E-03 1.552E-01 
1.370E-01 2.914E-03 1.510E-01 9.823E-04 1.549E-01 
1.380E-01 2.873E-03 1.507E-01 9.592E-04 1.545E-01 
1.390E-01 2.833E-03 1.504E-01 9.369E-04 1.542E-01 
1.400E-01 2.794E-03 1.501E-01 9.152E-04 1.538E-01 
1.410E-01 2.755E-03 1.498E-01 8.941E-04 1.535E-01 
1.420E-01 2.718E-03 1.496E-01 8.737E-04 1.531E-01 
1.430E-01 2.681E-03 1.493E-01 8.540E-04 1.528E-01 
1.440E-01 2.645E-03 1.490E-01 8.348E-04 1.525E-01 
1.450E-01 2.609E-03 1.487E-01 8.161E-04 1.521E-01 
1.460E-01 2.574E-03 1.484E-01 7.980E-04 1.518E-01 
1.470E-01 2.540E-03 1.482E-01 7.805E-04 1.515E-01 
1.480E-01 2.507E-03 1.479E-01 7.634E-04 1.512E-01 
1.490E-01 2.474E-03 1.476E-01 7.469E-04 1.508E-01 
1.500E-01 2.442E-03 1.474E-01 7.308E-04 1.505E-01 